(kicad_pcb (version 20171130) (host pcbnew "(5.1.6)-1")

  (general
    (thickness 1.6)
    (drawings 43)
    (tracks 522)
    (zones 0)
    (modules 27)
    (nets 36)
  )

  (page A4)
  (layers
    (0 F.Cu signal)
    (31 B.Cu signal)
    (32 B.Adhes user)
    (33 F.Adhes user)
    (34 B.Paste user)
    (35 F.Paste user)
    (36 B.SilkS user)
    (37 F.SilkS user)
    (38 B.Mask user)
    (39 F.Mask user)
    (40 Dwgs.User user)
    (41 Cmts.User user)
    (42 Eco1.User user)
    (43 Eco2.User user)
    (44 Edge.Cuts user)
    (45 Margin user)
    (46 B.CrtYd user)
    (47 F.CrtYd user)
    (48 B.Fab user)
    (49 F.Fab user)
  )

  (setup
    (last_trace_width 0.25)
    (user_trace_width 0.254)
    (user_trace_width 0.508)
    (user_trace_width 0.635)
    (user_trace_width 1.27)
    (trace_clearance 0.2)
    (zone_clearance 0.508)
    (zone_45_only no)
    (trace_min 0.2)
    (via_size 0.8)
    (via_drill 0.4)
    (via_min_size 0.4)
    (via_min_drill 0.3)
    (user_via 0.6 0.3)
    (user_via 0.8 0.4)
    (uvia_size 0.3)
    (uvia_drill 0.1)
    (uvias_allowed no)
    (uvia_min_size 0.2)
    (uvia_min_drill 0.1)
    (edge_width 0.05)
    (segment_width 0.2)
    (pcb_text_width 0.3)
    (pcb_text_size 1.5 1.5)
    (mod_edge_width 0.12)
    (mod_text_size 1 1)
    (mod_text_width 0.15)
    (pad_size 1.524 1.524)
    (pad_drill 0.762)
    (pad_to_mask_clearance 0.05)
    (aux_axis_origin 0 0)
    (visible_elements 7FFFFFFF)
    (pcbplotparams
      (layerselection 0x010f0_ffffffff)
      (usegerberextensions false)
      (usegerberattributes true)
      (usegerberadvancedattributes true)
      (creategerberjobfile true)
      (excludeedgelayer true)
      (linewidth 0.100000)
      (plotframeref false)
      (viasonmask false)
      (mode 1)
      (useauxorigin false)
      (hpglpennumber 1)
      (hpglpenspeed 20)
      (hpglpendiameter 15.000000)
      (psnegative false)
      (psa4output false)
      (plotreference true)
      (plotvalue true)
      (plotinvisibletext false)
      (padsonsilk false)
      (subtractmaskfromsilk false)
      (outputformat 1)
      (mirror false)
      (drillshape 0)
      (scaleselection 1)
      (outputdirectory "gerber/"))
  )

  (net 0 "")
  (net 1 +5V)
  (net 2 GND)
  (net 3 XTAL1)
  (net 4 "Net-(C3-Pad1)")
  (net 5 XTAL2)
  (net 6 +5VA)
  (net 7 ~RST)
  (net 8 "Net-(D1-Pad1)")
  (net 9 PC0)
  (net 10 PC1)
  (net 11 PC2)
  (net 12 PC3)
  (net 13 PC4)
  (net 14 PC5)
  (net 15 ADC6)
  (net 16 ADC7)
  (net 17 PB3)
  (net 18 "Net-(J3-Pad2)")
  (net 19 "Net-(J3-Pad3)")
  (net 20 PB5)
  (net 21 "Net-(J5-Pad1)")
  (net 22 PD7)
  (net 23 PD6)
  (net 24 PD5)
  (net 25 PD4)
  (net 26 PD3)
  (net 27 PD2)
  (net 28 PD1)
  (net 29 PD0)
  (net 30 "Net-(J7-Pad1)")
  (net 31 "Net-(J7-Pad5)")
  (net 32 PB0)
  (net 33 PB1)
  (net 34 PB2)
  (net 35 PB4)

  (net_class Default "This is the default net class."
    (clearance 0.2)
    (trace_width 0.25)
    (via_dia 0.8)
    (via_drill 0.4)
    (uvia_dia 0.3)
    (uvia_drill 0.1)
    (add_net +5V)
    (add_net +5VA)
    (add_net ADC6)
    (add_net ADC7)
    (add_net GND)
    (add_net "Net-(C3-Pad1)")
    (add_net "Net-(D1-Pad1)")
    (add_net "Net-(J3-Pad2)")
    (add_net "Net-(J3-Pad3)")
    (add_net "Net-(J5-Pad1)")
    (add_net "Net-(J7-Pad1)")
    (add_net "Net-(J7-Pad5)")
    (add_net PB0)
    (add_net PB1)
    (add_net PB2)
    (add_net PB3)
    (add_net PB4)
    (add_net PB5)
    (add_net PC0)
    (add_net PC1)
    (add_net PC2)
    (add_net PC3)
    (add_net PC4)
    (add_net PC5)
    (add_net PD0)
    (add_net PD1)
    (add_net PD2)
    (add_net PD3)
    (add_net PD4)
    (add_net PD5)
    (add_net PD6)
    (add_net PD7)
    (add_net XTAL1)
    (add_net XTAL2)
    (add_net ~RST)
  )

  (module MountingHole:MountingHole_4.3mm_M4_Pad_Via (layer F.Cu) (tedit 56DDBFD7) (tstamp 605EC771)
    (at 168.91 134.62)
    (descr "Mounting Hole 4.3mm, M4")
    (tags "mounting hole 4.3mm m4")
    (path /6067EF0E)
    (attr virtual)
    (fp_text reference H4 (at 0 -5.3) (layer F.SilkS) hide
      (effects (font (size 1 1) (thickness 0.15)))
    )
    (fp_text value MountingHole_Pad (at 0 5.3) (layer F.Fab)
      (effects (font (size 1 1) (thickness 0.15)))
    )
    (fp_circle (center 0 0) (end 4.3 0) (layer Cmts.User) (width 0.15))
    (fp_circle (center 0 0) (end 4.55 0) (layer F.CrtYd) (width 0.05))
    (fp_text user %R (at 0.3 0) (layer F.Fab)
      (effects (font (size 1 1) (thickness 0.15)))
    )
    (pad 1 thru_hole circle (at 0 0) (size 8.6 8.6) (drill 4.3) (layers *.Cu *.Mask)
      (net 2 GND))
    (pad 1 thru_hole circle (at 3.225 0) (size 0.9 0.9) (drill 0.6) (layers *.Cu *.Mask)
      (net 2 GND))
    (pad 1 thru_hole circle (at 2.280419 2.280419) (size 0.9 0.9) (drill 0.6) (layers *.Cu *.Mask)
      (net 2 GND))
    (pad 1 thru_hole circle (at 0 3.225) (size 0.9 0.9) (drill 0.6) (layers *.Cu *.Mask)
      (net 2 GND))
    (pad 1 thru_hole circle (at -2.280419 2.280419) (size 0.9 0.9) (drill 0.6) (layers *.Cu *.Mask)
      (net 2 GND))
    (pad 1 thru_hole circle (at -3.225 0) (size 0.9 0.9) (drill 0.6) (layers *.Cu *.Mask)
      (net 2 GND))
    (pad 1 thru_hole circle (at -2.280419 -2.280419) (size 0.9 0.9) (drill 0.6) (layers *.Cu *.Mask)
      (net 2 GND))
    (pad 1 thru_hole circle (at 0 -3.225) (size 0.9 0.9) (drill 0.6) (layers *.Cu *.Mask)
      (net 2 GND))
    (pad 1 thru_hole circle (at 2.280419 -2.280419) (size 0.9 0.9) (drill 0.6) (layers *.Cu *.Mask)
      (net 2 GND))
  )

  (module Capacitor_SMD:C_0805_2012Metric_Pad1.15x1.40mm_HandSolder (layer F.Cu) (tedit 5B36C52B) (tstamp 6065D993)
    (at 154.695 134.62)
    (descr "Capacitor SMD 0805 (2012 Metric), square (rectangular) end terminal, IPC_7351 nominal with elongated pad for handsoldering. (Body size source: https://docs.google.com/spreadsheets/d/1BsfQQcO9C6DZCsRaXUlFlo91Tg2WpOkGARC1WS5S8t0/edit?usp=sharing), generated with kicad-footprint-generator")
    (tags "capacitor handsolder")
    (path /60550D8E)
    (attr smd)
    (fp_text reference C1 (at 0 1.778) (layer F.SilkS)
      (effects (font (size 1 1) (thickness 0.15)))
    )
    (fp_text value 1u (at 0 1.65) (layer F.Fab)
      (effects (font (size 1 1) (thickness 0.15)))
    )
    (fp_line (start -1 0.6) (end -1 -0.6) (layer F.Fab) (width 0.1))
    (fp_line (start -1 -0.6) (end 1 -0.6) (layer F.Fab) (width 0.1))
    (fp_line (start 1 -0.6) (end 1 0.6) (layer F.Fab) (width 0.1))
    (fp_line (start 1 0.6) (end -1 0.6) (layer F.Fab) (width 0.1))
    (fp_line (start -0.261252 -0.71) (end 0.261252 -0.71) (layer F.SilkS) (width 0.12))
    (fp_line (start -0.261252 0.71) (end 0.261252 0.71) (layer F.SilkS) (width 0.12))
    (fp_line (start -1.85 0.95) (end -1.85 -0.95) (layer F.CrtYd) (width 0.05))
    (fp_line (start -1.85 -0.95) (end 1.85 -0.95) (layer F.CrtYd) (width 0.05))
    (fp_line (start 1.85 -0.95) (end 1.85 0.95) (layer F.CrtYd) (width 0.05))
    (fp_line (start 1.85 0.95) (end -1.85 0.95) (layer F.CrtYd) (width 0.05))
    (fp_text user %R (at 0 0) (layer F.Fab)
      (effects (font (size 0.5 0.5) (thickness 0.08)))
    )
    (pad 1 smd roundrect (at -1.025 0) (size 1.15 1.4) (layers F.Cu F.Paste F.Mask) (roundrect_rratio 0.217391)
      (net 1 +5V))
    (pad 2 smd roundrect (at 1.025 0) (size 1.15 1.4) (layers F.Cu F.Paste F.Mask) (roundrect_rratio 0.217391)
      (net 2 GND))
    (model ${KISYS3DMOD}/Capacitor_SMD.3dshapes/C_0805_2012Metric.wrl
      (at (xyz 0 0 0))
      (scale (xyz 1 1 1))
      (rotate (xyz 0 0 0))
    )
  )

  (module Capacitor_SMD:C_0805_2012Metric_Pad1.15x1.40mm_HandSolder (layer F.Cu) (tedit 5B36C52B) (tstamp 6065F8F8)
    (at 135.645 98.298)
    (descr "Capacitor SMD 0805 (2012 Metric), square (rectangular) end terminal, IPC_7351 nominal with elongated pad for handsoldering. (Body size source: https://docs.google.com/spreadsheets/d/1BsfQQcO9C6DZCsRaXUlFlo91Tg2WpOkGARC1WS5S8t0/edit?usp=sharing), generated with kicad-footprint-generator")
    (tags "capacitor handsolder")
    (path /6055B883)
    (attr smd)
    (fp_text reference C2 (at 0 -1.65) (layer F.SilkS)
      (effects (font (size 1 1) (thickness 0.15)))
    )
    (fp_text value 22p (at 0 1.65 180) (layer F.Fab)
      (effects (font (size 1 1) (thickness 0.15)))
    )
    (fp_line (start 1.85 0.95) (end -1.85 0.95) (layer F.CrtYd) (width 0.05))
    (fp_line (start 1.85 -0.95) (end 1.85 0.95) (layer F.CrtYd) (width 0.05))
    (fp_line (start -1.85 -0.95) (end 1.85 -0.95) (layer F.CrtYd) (width 0.05))
    (fp_line (start -1.85 0.95) (end -1.85 -0.95) (layer F.CrtYd) (width 0.05))
    (fp_line (start -0.261252 0.71) (end 0.261252 0.71) (layer F.SilkS) (width 0.12))
    (fp_line (start -0.261252 -0.71) (end 0.261252 -0.71) (layer F.SilkS) (width 0.12))
    (fp_line (start 1 0.6) (end -1 0.6) (layer F.Fab) (width 0.1))
    (fp_line (start 1 -0.6) (end 1 0.6) (layer F.Fab) (width 0.1))
    (fp_line (start -1 -0.6) (end 1 -0.6) (layer F.Fab) (width 0.1))
    (fp_line (start -1 0.6) (end -1 -0.6) (layer F.Fab) (width 0.1))
    (fp_text user %R (at 0 0) (layer F.Fab)
      (effects (font (size 0.5 0.5) (thickness 0.08)))
    )
    (pad 2 smd roundrect (at 1.025 0) (size 1.15 1.4) (layers F.Cu F.Paste F.Mask) (roundrect_rratio 0.217391)
      (net 2 GND))
    (pad 1 smd roundrect (at -1.025 0) (size 1.15 1.4) (layers F.Cu F.Paste F.Mask) (roundrect_rratio 0.217391)
      (net 3 XTAL1))
    (model ${KISYS3DMOD}/Capacitor_SMD.3dshapes/C_0805_2012Metric.wrl
      (at (xyz 0 0 0))
      (scale (xyz 1 1 1))
      (rotate (xyz 0 0 0))
    )
  )

  (module Capacitor_SMD:C_0805_2012Metric_Pad1.15x1.40mm_HandSolder (layer F.Cu) (tedit 5B36C52B) (tstamp 60660C4B)
    (at 154.178 94.733 90)
    (descr "Capacitor SMD 0805 (2012 Metric), square (rectangular) end terminal, IPC_7351 nominal with elongated pad for handsoldering. (Body size source: https://docs.google.com/spreadsheets/d/1BsfQQcO9C6DZCsRaXUlFlo91Tg2WpOkGARC1WS5S8t0/edit?usp=sharing), generated with kicad-footprint-generator")
    (tags "capacitor handsolder")
    (path /60548818)
    (attr smd)
    (fp_text reference C3 (at 0 -1.65 90) (layer F.SilkS)
      (effects (font (size 1 1) (thickness 0.15)))
    )
    (fp_text value 100n (at 0 1.65 90) (layer F.Fab)
      (effects (font (size 1 1) (thickness 0.15)))
    )
    (fp_line (start -1 0.6) (end -1 -0.6) (layer F.Fab) (width 0.1))
    (fp_line (start -1 -0.6) (end 1 -0.6) (layer F.Fab) (width 0.1))
    (fp_line (start 1 -0.6) (end 1 0.6) (layer F.Fab) (width 0.1))
    (fp_line (start 1 0.6) (end -1 0.6) (layer F.Fab) (width 0.1))
    (fp_line (start -0.261252 -0.71) (end 0.261252 -0.71) (layer F.SilkS) (width 0.12))
    (fp_line (start -0.261252 0.71) (end 0.261252 0.71) (layer F.SilkS) (width 0.12))
    (fp_line (start -1.85 0.95) (end -1.85 -0.95) (layer F.CrtYd) (width 0.05))
    (fp_line (start -1.85 -0.95) (end 1.85 -0.95) (layer F.CrtYd) (width 0.05))
    (fp_line (start 1.85 -0.95) (end 1.85 0.95) (layer F.CrtYd) (width 0.05))
    (fp_line (start 1.85 0.95) (end -1.85 0.95) (layer F.CrtYd) (width 0.05))
    (fp_text user %R (at 0 0 90) (layer F.Fab)
      (effects (font (size 0.5 0.5) (thickness 0.08)))
    )
    (pad 1 smd roundrect (at -1.025 0 90) (size 1.15 1.4) (layers F.Cu F.Paste F.Mask) (roundrect_rratio 0.217391)
      (net 4 "Net-(C3-Pad1)"))
    (pad 2 smd roundrect (at 1.025 0 90) (size 1.15 1.4) (layers F.Cu F.Paste F.Mask) (roundrect_rratio 0.217391)
      (net 2 GND))
    (model ${KISYS3DMOD}/Capacitor_SMD.3dshapes/C_0805_2012Metric.wrl
      (at (xyz 0 0 0))
      (scale (xyz 1 1 1))
      (rotate (xyz 0 0 0))
    )
  )

  (module Capacitor_SMD:C_0805_2012Metric_Pad1.15x1.40mm_HandSolder (layer F.Cu) (tedit 5B36C52B) (tstamp 605EC6EB)
    (at 138.675 94.996 180)
    (descr "Capacitor SMD 0805 (2012 Metric), square (rectangular) end terminal, IPC_7351 nominal with elongated pad for handsoldering. (Body size source: https://docs.google.com/spreadsheets/d/1BsfQQcO9C6DZCsRaXUlFlo91Tg2WpOkGARC1WS5S8t0/edit?usp=sharing), generated with kicad-footprint-generator")
    (tags "capacitor handsolder")
    (path /60540459)
    (attr smd)
    (fp_text reference C4 (at 0 -1.65) (layer F.SilkS)
      (effects (font (size 1 1) (thickness 0.15)))
    )
    (fp_text value 100n (at 0 1.65) (layer F.Fab)
      (effects (font (size 1 1) (thickness 0.15)))
    )
    (fp_line (start 1.85 0.95) (end -1.85 0.95) (layer F.CrtYd) (width 0.05))
    (fp_line (start 1.85 -0.95) (end 1.85 0.95) (layer F.CrtYd) (width 0.05))
    (fp_line (start -1.85 -0.95) (end 1.85 -0.95) (layer F.CrtYd) (width 0.05))
    (fp_line (start -1.85 0.95) (end -1.85 -0.95) (layer F.CrtYd) (width 0.05))
    (fp_line (start -0.261252 0.71) (end 0.261252 0.71) (layer F.SilkS) (width 0.12))
    (fp_line (start -0.261252 -0.71) (end 0.261252 -0.71) (layer F.SilkS) (width 0.12))
    (fp_line (start 1 0.6) (end -1 0.6) (layer F.Fab) (width 0.1))
    (fp_line (start 1 -0.6) (end 1 0.6) (layer F.Fab) (width 0.1))
    (fp_line (start -1 -0.6) (end 1 -0.6) (layer F.Fab) (width 0.1))
    (fp_line (start -1 0.6) (end -1 -0.6) (layer F.Fab) (width 0.1))
    (fp_text user %R (at 0 0) (layer F.Fab)
      (effects (font (size 0.5 0.5) (thickness 0.08)))
    )
    (pad 2 smd roundrect (at 1.025 0 180) (size 1.15 1.4) (layers F.Cu F.Paste F.Mask) (roundrect_rratio 0.217391)
      (net 2 GND))
    (pad 1 smd roundrect (at -1.025 0 180) (size 1.15 1.4) (layers F.Cu F.Paste F.Mask) (roundrect_rratio 0.217391)
      (net 1 +5V))
    (model ${KISYS3DMOD}/Capacitor_SMD.3dshapes/C_0805_2012Metric.wrl
      (at (xyz 0 0 0))
      (scale (xyz 1 1 1))
      (rotate (xyz 0 0 0))
    )
  )

  (module Capacitor_SMD:C_0805_2012Metric_Pad1.15x1.40mm_HandSolder (layer F.Cu) (tedit 5B36C52B) (tstamp 6065F8C8)
    (at 135.645 106.172 180)
    (descr "Capacitor SMD 0805 (2012 Metric), square (rectangular) end terminal, IPC_7351 nominal with elongated pad for handsoldering. (Body size source: https://docs.google.com/spreadsheets/d/1BsfQQcO9C6DZCsRaXUlFlo91Tg2WpOkGARC1WS5S8t0/edit?usp=sharing), generated with kicad-footprint-generator")
    (tags "capacitor handsolder")
    (path /6055CC04)
    (attr smd)
    (fp_text reference C5 (at 0 -1.65) (layer F.SilkS)
      (effects (font (size 1 1) (thickness 0.15)))
    )
    (fp_text value 22p (at 0 1.65) (layer F.Fab)
      (effects (font (size 1 1) (thickness 0.15)))
    )
    (fp_line (start -1 0.6) (end -1 -0.6) (layer F.Fab) (width 0.1))
    (fp_line (start -1 -0.6) (end 1 -0.6) (layer F.Fab) (width 0.1))
    (fp_line (start 1 -0.6) (end 1 0.6) (layer F.Fab) (width 0.1))
    (fp_line (start 1 0.6) (end -1 0.6) (layer F.Fab) (width 0.1))
    (fp_line (start -0.261252 -0.71) (end 0.261252 -0.71) (layer F.SilkS) (width 0.12))
    (fp_line (start -0.261252 0.71) (end 0.261252 0.71) (layer F.SilkS) (width 0.12))
    (fp_line (start -1.85 0.95) (end -1.85 -0.95) (layer F.CrtYd) (width 0.05))
    (fp_line (start -1.85 -0.95) (end 1.85 -0.95) (layer F.CrtYd) (width 0.05))
    (fp_line (start 1.85 -0.95) (end 1.85 0.95) (layer F.CrtYd) (width 0.05))
    (fp_line (start 1.85 0.95) (end -1.85 0.95) (layer F.CrtYd) (width 0.05))
    (fp_text user %R (at 0 0) (layer F.Fab)
      (effects (font (size 0.5 0.5) (thickness 0.08)))
    )
    (pad 1 smd roundrect (at -1.025 0 180) (size 1.15 1.4) (layers F.Cu F.Paste F.Mask) (roundrect_rratio 0.217391)
      (net 5 XTAL2))
    (pad 2 smd roundrect (at 1.025 0 180) (size 1.15 1.4) (layers F.Cu F.Paste F.Mask) (roundrect_rratio 0.217391)
      (net 2 GND))
    (model ${KISYS3DMOD}/Capacitor_SMD.3dshapes/C_0805_2012Metric.wrl
      (at (xyz 0 0 0))
      (scale (xyz 1 1 1))
      (rotate (xyz 0 0 0))
    )
  )

  (module Capacitor_SMD:C_0805_2012Metric_Pad1.15x1.40mm_HandSolder (layer F.Cu) (tedit 5B36C52B) (tstamp 605EC70D)
    (at 153.416 99.831 90)
    (descr "Capacitor SMD 0805 (2012 Metric), square (rectangular) end terminal, IPC_7351 nominal with elongated pad for handsoldering. (Body size source: https://docs.google.com/spreadsheets/d/1BsfQQcO9C6DZCsRaXUlFlo91Tg2WpOkGARC1WS5S8t0/edit?usp=sharing), generated with kicad-footprint-generator")
    (tags "capacitor handsolder")
    (path /6053ED28)
    (attr smd)
    (fp_text reference C6 (at 0 -1.65 90) (layer F.SilkS)
      (effects (font (size 1 1) (thickness 0.15)))
    )
    (fp_text value 100n (at 0 1.65 90) (layer F.Fab)
      (effects (font (size 1 1) (thickness 0.15)))
    )
    (fp_line (start -1 0.6) (end -1 -0.6) (layer F.Fab) (width 0.1))
    (fp_line (start -1 -0.6) (end 1 -0.6) (layer F.Fab) (width 0.1))
    (fp_line (start 1 -0.6) (end 1 0.6) (layer F.Fab) (width 0.1))
    (fp_line (start 1 0.6) (end -1 0.6) (layer F.Fab) (width 0.1))
    (fp_line (start -0.261252 -0.71) (end 0.261252 -0.71) (layer F.SilkS) (width 0.12))
    (fp_line (start -0.261252 0.71) (end 0.261252 0.71) (layer F.SilkS) (width 0.12))
    (fp_line (start -1.85 0.95) (end -1.85 -0.95) (layer F.CrtYd) (width 0.05))
    (fp_line (start -1.85 -0.95) (end 1.85 -0.95) (layer F.CrtYd) (width 0.05))
    (fp_line (start 1.85 -0.95) (end 1.85 0.95) (layer F.CrtYd) (width 0.05))
    (fp_line (start 1.85 0.95) (end -1.85 0.95) (layer F.CrtYd) (width 0.05))
    (fp_text user %R (at 0 0 90) (layer F.Fab)
      (effects (font (size 0.5 0.5) (thickness 0.08)))
    )
    (pad 1 smd roundrect (at -1.025 0 90) (size 1.15 1.4) (layers F.Cu F.Paste F.Mask) (roundrect_rratio 0.217391)
      (net 2 GND))
    (pad 2 smd roundrect (at 1.025 0 90) (size 1.15 1.4) (layers F.Cu F.Paste F.Mask) (roundrect_rratio 0.217391)
      (net 6 +5VA))
    (model ${KISYS3DMOD}/Capacitor_SMD.3dshapes/C_0805_2012Metric.wrl
      (at (xyz 0 0 0))
      (scale (xyz 1 1 1))
      (rotate (xyz 0 0 0))
    )
  )

  (module Capacitor_SMD:C_0805_2012Metric_Pad1.15x1.40mm_HandSolder (layer F.Cu) (tedit 5B36C52B) (tstamp 606642FA)
    (at 139.446 114.291 270)
    (descr "Capacitor SMD 0805 (2012 Metric), square (rectangular) end terminal, IPC_7351 nominal with elongated pad for handsoldering. (Body size source: https://docs.google.com/spreadsheets/d/1BsfQQcO9C6DZCsRaXUlFlo91Tg2WpOkGARC1WS5S8t0/edit?usp=sharing), generated with kicad-footprint-generator")
    (tags "capacitor handsolder")
    (path /60551E21)
    (attr smd)
    (fp_text reference C7 (at -3.565 0 90) (layer F.SilkS)
      (effects (font (size 1 1) (thickness 0.15)))
    )
    (fp_text value 100n (at 0 1.65 90) (layer F.Fab)
      (effects (font (size 1 1) (thickness 0.15)))
    )
    (fp_line (start 1.85 0.95) (end -1.85 0.95) (layer F.CrtYd) (width 0.05))
    (fp_line (start 1.85 -0.95) (end 1.85 0.95) (layer F.CrtYd) (width 0.05))
    (fp_line (start -1.85 -0.95) (end 1.85 -0.95) (layer F.CrtYd) (width 0.05))
    (fp_line (start -1.85 0.95) (end -1.85 -0.95) (layer F.CrtYd) (width 0.05))
    (fp_line (start -0.261252 0.71) (end 0.261252 0.71) (layer F.SilkS) (width 0.12))
    (fp_line (start -0.261252 -0.71) (end 0.261252 -0.71) (layer F.SilkS) (width 0.12))
    (fp_line (start 1 0.6) (end -1 0.6) (layer F.Fab) (width 0.1))
    (fp_line (start 1 -0.6) (end 1 0.6) (layer F.Fab) (width 0.1))
    (fp_line (start -1 -0.6) (end 1 -0.6) (layer F.Fab) (width 0.1))
    (fp_line (start -1 0.6) (end -1 -0.6) (layer F.Fab) (width 0.1))
    (fp_text user %R (at 0 0 90) (layer F.Fab)
      (effects (font (size 0.5 0.5) (thickness 0.08)))
    )
    (pad 2 smd roundrect (at 1.025 0 270) (size 1.15 1.4) (layers F.Cu F.Paste F.Mask) (roundrect_rratio 0.217391)
      (net 2 GND))
    (pad 1 smd roundrect (at -1.025 0 270) (size 1.15 1.4) (layers F.Cu F.Paste F.Mask) (roundrect_rratio 0.217391)
      (net 7 ~RST))
    (model ${KISYS3DMOD}/Capacitor_SMD.3dshapes/C_0805_2012Metric.wrl
      (at (xyz 0 0 0))
      (scale (xyz 1 1 1))
      (rotate (xyz 0 0 0))
    )
  )

  (module LED_SMD:LED_0805_2012Metric_Castellated (layer F.Cu) (tedit 5B36C52C) (tstamp 605EC731)
    (at 148.8975 127)
    (descr "LED SMD 0805 (2012 Metric), castellated end terminal, IPC_7351 nominal, (Body size source: https://docs.google.com/spreadsheets/d/1BsfQQcO9C6DZCsRaXUlFlo91Tg2WpOkGARC1WS5S8t0/edit?usp=sharing), generated with kicad-footprint-generator")
    (tags "LED castellated")
    (path /6060DC7C)
    (attr smd)
    (fp_text reference D1 (at 2.9945 0) (layer F.SilkS)
      (effects (font (size 1 1) (thickness 0.15)))
    )
    (fp_text value pwr (at 0 1.6) (layer F.Fab)
      (effects (font (size 1 1) (thickness 0.15)))
    )
    (fp_line (start 1 -0.6) (end -0.7 -0.6) (layer F.Fab) (width 0.1))
    (fp_line (start -0.7 -0.6) (end -1 -0.3) (layer F.Fab) (width 0.1))
    (fp_line (start -1 -0.3) (end -1 0.6) (layer F.Fab) (width 0.1))
    (fp_line (start -1 0.6) (end 1 0.6) (layer F.Fab) (width 0.1))
    (fp_line (start 1 0.6) (end 1 -0.6) (layer F.Fab) (width 0.1))
    (fp_line (start 1 -0.91) (end -1.885 -0.91) (layer F.SilkS) (width 0.12))
    (fp_line (start -1.885 -0.91) (end -1.885 0.91) (layer F.SilkS) (width 0.12))
    (fp_line (start -1.885 0.91) (end 1 0.91) (layer F.SilkS) (width 0.12))
    (fp_line (start -1.88 0.9) (end -1.88 -0.9) (layer F.CrtYd) (width 0.05))
    (fp_line (start -1.88 -0.9) (end 1.88 -0.9) (layer F.CrtYd) (width 0.05))
    (fp_line (start 1.88 -0.9) (end 1.88 0.9) (layer F.CrtYd) (width 0.05))
    (fp_line (start 1.88 0.9) (end -1.88 0.9) (layer F.CrtYd) (width 0.05))
    (fp_text user %R (at 0 0) (layer F.Fab)
      (effects (font (size 0.5 0.5) (thickness 0.08)))
    )
    (pad 1 smd roundrect (at -0.9625 0) (size 1.325 1.3) (layers F.Cu F.Paste F.Mask) (roundrect_rratio 0.192308)
      (net 8 "Net-(D1-Pad1)"))
    (pad 2 smd roundrect (at 0.9625 0) (size 1.325 1.3) (layers F.Cu F.Paste F.Mask) (roundrect_rratio 0.192308)
      (net 1 +5V))
    (model ${KISYS3DMOD}/LED_SMD.3dshapes/LED_0805_2012Metric_Castellated.wrl
      (at (xyz 0 0 0))
      (scale (xyz 1 1 1))
      (rotate (xyz 0 0 0))
    )
  )

  (module MountingHole:MountingHole_4.3mm_M4_Pad_Via (layer F.Cu) (tedit 56DDBFD7) (tstamp 6065B361)
    (at 168.91 77.47)
    (descr "Mounting Hole 4.3mm, M4")
    (tags "mounting hole 4.3mm m4")
    (path /6067BAC8)
    (attr virtual)
    (fp_text reference H1 (at 0 -5.3) (layer F.SilkS) hide
      (effects (font (size 1 1) (thickness 0.15)))
    )
    (fp_text value MountingHole_Pad (at 0 5.3) (layer F.Fab)
      (effects (font (size 1 1) (thickness 0.15)))
    )
    (fp_circle (center 0 0) (end 4.55 0) (layer F.CrtYd) (width 0.05))
    (fp_circle (center 0 0) (end 4.3 0) (layer Cmts.User) (width 0.15))
    (fp_text user %R (at 0.3 0) (layer F.Fab)
      (effects (font (size 1 1) (thickness 0.15)))
    )
    (pad 1 thru_hole circle (at 2.280419 -2.280419) (size 0.9 0.9) (drill 0.6) (layers *.Cu *.Mask)
      (net 2 GND))
    (pad 1 thru_hole circle (at 0 -3.225) (size 0.9 0.9) (drill 0.6) (layers *.Cu *.Mask)
      (net 2 GND))
    (pad 1 thru_hole circle (at -2.280419 -2.280419) (size 0.9 0.9) (drill 0.6) (layers *.Cu *.Mask)
      (net 2 GND))
    (pad 1 thru_hole circle (at -3.225 0) (size 0.9 0.9) (drill 0.6) (layers *.Cu *.Mask)
      (net 2 GND))
    (pad 1 thru_hole circle (at -2.280419 2.280419) (size 0.9 0.9) (drill 0.6) (layers *.Cu *.Mask)
      (net 2 GND))
    (pad 1 thru_hole circle (at 0 3.225) (size 0.9 0.9) (drill 0.6) (layers *.Cu *.Mask)
      (net 2 GND))
    (pad 1 thru_hole circle (at 2.280419 2.280419) (size 0.9 0.9) (drill 0.6) (layers *.Cu *.Mask)
      (net 2 GND))
    (pad 1 thru_hole circle (at 3.225 0) (size 0.9 0.9) (drill 0.6) (layers *.Cu *.Mask)
      (net 2 GND))
    (pad 1 thru_hole circle (at 0 0) (size 8.6 8.6) (drill 4.3) (layers *.Cu *.Mask)
      (net 2 GND))
  )

  (module MountingHole:MountingHole_4.3mm_M4_Pad_Via (layer F.Cu) (tedit 56DDBFD7) (tstamp 605EC751)
    (at 123.19 134.62)
    (descr "Mounting Hole 4.3mm, M4")
    (tags "mounting hole 4.3mm m4")
    (path /6067E9EC)
    (attr virtual)
    (fp_text reference H2 (at 0 -5.3) (layer F.SilkS) hide
      (effects (font (size 1 1) (thickness 0.15)))
    )
    (fp_text value MountingHole_Pad (at 0 5.3) (layer F.Fab)
      (effects (font (size 1 1) (thickness 0.15)))
    )
    (fp_circle (center 0 0) (end 4.3 0) (layer Cmts.User) (width 0.15))
    (fp_circle (center 0 0) (end 4.55 0) (layer F.CrtYd) (width 0.05))
    (fp_text user %R (at 0.3 0) (layer F.Fab)
      (effects (font (size 1 1) (thickness 0.15)))
    )
    (pad 1 thru_hole circle (at 0 0) (size 8.6 8.6) (drill 4.3) (layers *.Cu *.Mask)
      (net 2 GND))
    (pad 1 thru_hole circle (at 3.225 0) (size 0.9 0.9) (drill 0.6) (layers *.Cu *.Mask)
      (net 2 GND))
    (pad 1 thru_hole circle (at 2.280419 2.280419) (size 0.9 0.9) (drill 0.6) (layers *.Cu *.Mask)
      (net 2 GND))
    (pad 1 thru_hole circle (at 0 3.225) (size 0.9 0.9) (drill 0.6) (layers *.Cu *.Mask)
      (net 2 GND))
    (pad 1 thru_hole circle (at -2.280419 2.280419) (size 0.9 0.9) (drill 0.6) (layers *.Cu *.Mask)
      (net 2 GND))
    (pad 1 thru_hole circle (at -3.225 0) (size 0.9 0.9) (drill 0.6) (layers *.Cu *.Mask)
      (net 2 GND))
    (pad 1 thru_hole circle (at -2.280419 -2.280419) (size 0.9 0.9) (drill 0.6) (layers *.Cu *.Mask)
      (net 2 GND))
    (pad 1 thru_hole circle (at 0 -3.225) (size 0.9 0.9) (drill 0.6) (layers *.Cu *.Mask)
      (net 2 GND))
    (pad 1 thru_hole circle (at 2.280419 -2.280419) (size 0.9 0.9) (drill 0.6) (layers *.Cu *.Mask)
      (net 2 GND))
  )

  (module MountingHole:MountingHole_4.3mm_M4_Pad_Via (layer F.Cu) (tedit 56DDBFD7) (tstamp 605EC761)
    (at 123.19 77.47)
    (descr "Mounting Hole 4.3mm, M4")
    (tags "mounting hole 4.3mm m4")
    (path /6067ECC2)
    (attr virtual)
    (fp_text reference H3 (at 0 -5.3) (layer F.SilkS) hide
      (effects (font (size 1 1) (thickness 0.15)))
    )
    (fp_text value MountingHole_Pad (at 0 5.3) (layer F.Fab)
      (effects (font (size 1 1) (thickness 0.15)))
    )
    (fp_circle (center 0 0) (end 4.55 0) (layer F.CrtYd) (width 0.05))
    (fp_circle (center 0 0) (end 4.3 0) (layer Cmts.User) (width 0.15))
    (fp_text user %R (at 0.3 0) (layer F.Fab)
      (effects (font (size 1 1) (thickness 0.15)))
    )
    (pad 1 thru_hole circle (at 2.280419 -2.280419) (size 0.9 0.9) (drill 0.6) (layers *.Cu *.Mask)
      (net 2 GND))
    (pad 1 thru_hole circle (at 0 -3.225) (size 0.9 0.9) (drill 0.6) (layers *.Cu *.Mask)
      (net 2 GND))
    (pad 1 thru_hole circle (at -2.280419 -2.280419) (size 0.9 0.9) (drill 0.6) (layers *.Cu *.Mask)
      (net 2 GND))
    (pad 1 thru_hole circle (at -3.225 0) (size 0.9 0.9) (drill 0.6) (layers *.Cu *.Mask)
      (net 2 GND))
    (pad 1 thru_hole circle (at -2.280419 2.280419) (size 0.9 0.9) (drill 0.6) (layers *.Cu *.Mask)
      (net 2 GND))
    (pad 1 thru_hole circle (at 0 3.225) (size 0.9 0.9) (drill 0.6) (layers *.Cu *.Mask)
      (net 2 GND))
    (pad 1 thru_hole circle (at 2.280419 2.280419) (size 0.9 0.9) (drill 0.6) (layers *.Cu *.Mask)
      (net 2 GND))
    (pad 1 thru_hole circle (at 3.225 0) (size 0.9 0.9) (drill 0.6) (layers *.Cu *.Mask)
      (net 2 GND))
    (pad 1 thru_hole circle (at 0 0) (size 8.6 8.6) (drill 4.3) (layers *.Cu *.Mask)
      (net 2 GND))
  )

  (module TerminalBlock_Phoenix:TerminalBlock_Phoenix_MKDS-1,5-2-5.08_1x02_P5.08mm_Horizontal (layer F.Cu) (tedit 5B294EBC) (tstamp 605EC79D)
    (at 143.51 134.62)
    (descr "Terminal Block Phoenix MKDS-1,5-2-5.08, 2 pins, pitch 5.08mm, size 10.2x9.8mm^2, drill diamater 1.3mm, pad diameter 2.6mm, see http://www.farnell.com/datasheets/100425.pdf, script-generated using https://github.com/pointhi/kicad-footprint-generator/scripts/TerminalBlock_Phoenix")
    (tags "THT Terminal Block Phoenix MKDS-1,5-2-5.08 pitch 5.08mm size 10.2x9.8mm^2 drill 1.3mm pad 2.6mm")
    (path /60639363)
    (fp_text reference J1 (at 2.54 -3.81) (layer F.SilkS)
      (effects (font (size 1 1) (thickness 0.15)))
    )
    (fp_text value pwr (at 2.54 5.66) (layer F.Fab)
      (effects (font (size 1 1) (thickness 0.15)))
    )
    (fp_circle (center 0 0) (end 1.5 0) (layer F.Fab) (width 0.1))
    (fp_circle (center 5.08 0) (end 6.58 0) (layer F.Fab) (width 0.1))
    (fp_circle (center 5.08 0) (end 6.76 0) (layer F.SilkS) (width 0.12))
    (fp_line (start -2.54 -5.2) (end 7.62 -5.2) (layer F.Fab) (width 0.1))
    (fp_line (start 7.62 -5.2) (end 7.62 4.6) (layer F.Fab) (width 0.1))
    (fp_line (start 7.62 4.6) (end -2.04 4.6) (layer F.Fab) (width 0.1))
    (fp_line (start -2.04 4.6) (end -2.54 4.1) (layer F.Fab) (width 0.1))
    (fp_line (start -2.54 4.1) (end -2.54 -5.2) (layer F.Fab) (width 0.1))
    (fp_line (start -2.54 4.1) (end 7.62 4.1) (layer F.Fab) (width 0.1))
    (fp_line (start -2.6 4.1) (end 7.68 4.1) (layer F.SilkS) (width 0.12))
    (fp_line (start -2.54 2.6) (end 7.62 2.6) (layer F.Fab) (width 0.1))
    (fp_line (start -2.6 2.6) (end 7.68 2.6) (layer F.SilkS) (width 0.12))
    (fp_line (start -2.54 -2.3) (end 7.62 -2.3) (layer F.Fab) (width 0.1))
    (fp_line (start -2.6 -2.301) (end 7.68 -2.301) (layer F.SilkS) (width 0.12))
    (fp_line (start -2.6 -5.261) (end 7.68 -5.261) (layer F.SilkS) (width 0.12))
    (fp_line (start -2.6 4.66) (end 7.68 4.66) (layer F.SilkS) (width 0.12))
    (fp_line (start -2.6 -5.261) (end -2.6 4.66) (layer F.SilkS) (width 0.12))
    (fp_line (start 7.68 -5.261) (end 7.68 4.66) (layer F.SilkS) (width 0.12))
    (fp_line (start 1.138 -0.955) (end -0.955 1.138) (layer F.Fab) (width 0.1))
    (fp_line (start 0.955 -1.138) (end -1.138 0.955) (layer F.Fab) (width 0.1))
    (fp_line (start 6.218 -0.955) (end 4.126 1.138) (layer F.Fab) (width 0.1))
    (fp_line (start 6.035 -1.138) (end 3.943 0.955) (layer F.Fab) (width 0.1))
    (fp_line (start 6.355 -1.069) (end 6.308 -1.023) (layer F.SilkS) (width 0.12))
    (fp_line (start 4.046 1.239) (end 4.011 1.274) (layer F.SilkS) (width 0.12))
    (fp_line (start 6.15 -1.275) (end 6.115 -1.239) (layer F.SilkS) (width 0.12))
    (fp_line (start 3.853 1.023) (end 3.806 1.069) (layer F.SilkS) (width 0.12))
    (fp_line (start -2.84 4.16) (end -2.84 4.9) (layer F.SilkS) (width 0.12))
    (fp_line (start -2.84 4.9) (end -2.34 4.9) (layer F.SilkS) (width 0.12))
    (fp_line (start -3.04 -5.71) (end -3.04 5.1) (layer F.CrtYd) (width 0.05))
    (fp_line (start -3.04 5.1) (end 8.13 5.1) (layer F.CrtYd) (width 0.05))
    (fp_line (start 8.13 5.1) (end 8.13 -5.71) (layer F.CrtYd) (width 0.05))
    (fp_line (start 8.13 -5.71) (end -3.04 -5.71) (layer F.CrtYd) (width 0.05))
    (fp_arc (start 0 0) (end 0 1.68) (angle -24) (layer F.SilkS) (width 0.12))
    (fp_arc (start 0 0) (end 1.535 0.684) (angle -48) (layer F.SilkS) (width 0.12))
    (fp_arc (start 0 0) (end 0.684 -1.535) (angle -48) (layer F.SilkS) (width 0.12))
    (fp_arc (start 0 0) (end -1.535 -0.684) (angle -48) (layer F.SilkS) (width 0.12))
    (fp_arc (start 0 0) (end -0.684 1.535) (angle -25) (layer F.SilkS) (width 0.12))
    (fp_text user %R (at 2.54 3.2) (layer F.Fab)
      (effects (font (size 1 1) (thickness 0.15)))
    )
    (pad 1 thru_hole rect (at 0 0) (size 2.6 2.6) (drill 1.3) (layers *.Cu *.Mask)
      (net 2 GND))
    (pad 2 thru_hole circle (at 5.08 0) (size 2.6 2.6) (drill 1.3) (layers *.Cu *.Mask)
      (net 1 +5V))
    (model ${KISYS3DMOD}/TerminalBlock_Phoenix.3dshapes/TerminalBlock_Phoenix_MKDS-1,5-2-5.08_1x02_P5.08mm_Horizontal.wrl
      (at (xyz 0 0 0))
      (scale (xyz 1 1 1))
      (rotate (xyz 0 0 0))
    )
  )

  (module Connector_PinHeader_2.54mm:PinHeader_1x08_P2.54mm_Vertical (layer F.Cu) (tedit 59FED5CC) (tstamp 605EC7B9)
    (at 171.45 105.41 180)
    (descr "Through hole straight pin header, 1x08, 2.54mm pitch, single row")
    (tags "Through hole pin header THT 1x08 2.54mm single row")
    (path /605FACB4)
    (fp_text reference J2 (at 0 -2.33) (layer F.SilkS) hide
      (effects (font (size 1 1) (thickness 0.15)))
    )
    (fp_text value analog (at 0 20.11) (layer F.Fab)
      (effects (font (size 1 1) (thickness 0.15)))
    )
    (fp_line (start -0.635 -1.27) (end 1.27 -1.27) (layer F.Fab) (width 0.1))
    (fp_line (start 1.27 -1.27) (end 1.27 19.05) (layer F.Fab) (width 0.1))
    (fp_line (start 1.27 19.05) (end -1.27 19.05) (layer F.Fab) (width 0.1))
    (fp_line (start -1.27 19.05) (end -1.27 -0.635) (layer F.Fab) (width 0.1))
    (fp_line (start -1.27 -0.635) (end -0.635 -1.27) (layer F.Fab) (width 0.1))
    (fp_line (start -1.33 19.11) (end 1.33 19.11) (layer F.SilkS) (width 0.12))
    (fp_line (start -1.33 1.27) (end -1.33 19.11) (layer F.SilkS) (width 0.12))
    (fp_line (start 1.33 1.27) (end 1.33 19.11) (layer F.SilkS) (width 0.12))
    (fp_line (start -1.33 1.27) (end 1.33 1.27) (layer F.SilkS) (width 0.12))
    (fp_line (start -1.33 0) (end -1.33 -1.33) (layer F.SilkS) (width 0.12))
    (fp_line (start -1.33 -1.33) (end 0 -1.33) (layer F.SilkS) (width 0.12))
    (fp_line (start -1.8 -1.8) (end -1.8 19.55) (layer F.CrtYd) (width 0.05))
    (fp_line (start -1.8 19.55) (end 1.8 19.55) (layer F.CrtYd) (width 0.05))
    (fp_line (start 1.8 19.55) (end 1.8 -1.8) (layer F.CrtYd) (width 0.05))
    (fp_line (start 1.8 -1.8) (end -1.8 -1.8) (layer F.CrtYd) (width 0.05))
    (fp_text user %R (at 0 8.89 90) (layer F.Fab)
      (effects (font (size 1 1) (thickness 0.15)))
    )
    (pad 1 thru_hole rect (at 0 0 180) (size 1.7 1.7) (drill 1) (layers *.Cu *.Mask)
      (net 9 PC0))
    (pad 2 thru_hole oval (at 0 2.54 180) (size 1.7 1.7) (drill 1) (layers *.Cu *.Mask)
      (net 10 PC1))
    (pad 3 thru_hole oval (at 0 5.08 180) (size 1.7 1.7) (drill 1) (layers *.Cu *.Mask)
      (net 11 PC2))
    (pad 4 thru_hole oval (at 0 7.62 180) (size 1.7 1.7) (drill 1) (layers *.Cu *.Mask)
      (net 12 PC3))
    (pad 5 thru_hole oval (at 0 10.16 180) (size 1.7 1.7) (drill 1) (layers *.Cu *.Mask)
      (net 13 PC4))
    (pad 6 thru_hole oval (at 0 12.7 180) (size 1.7 1.7) (drill 1) (layers *.Cu *.Mask)
      (net 14 PC5))
    (pad 7 thru_hole oval (at 0 15.24 180) (size 1.7 1.7) (drill 1) (layers *.Cu *.Mask)
      (net 15 ADC6))
    (pad 8 thru_hole oval (at 0 17.78 180) (size 1.7 1.7) (drill 1) (layers *.Cu *.Mask)
      (net 16 ADC7))
    (model ${KISYS3DMOD}/Connector_PinHeader_2.54mm.3dshapes/PinHeader_1x08_P2.54mm_Vertical.wrl
      (at (xyz 0 0 0))
      (scale (xyz 1 1 1))
      (rotate (xyz 0 0 0))
    )
  )

  (module Connector_PinHeader_2.54mm:PinHeader_1x02_P2.54mm_Vertical (layer F.Cu) (tedit 59FED5CC) (tstamp 606629EB)
    (at 148.59 82.55 90)
    (descr "Through hole straight pin header, 1x02, 2.54mm pitch, single row")
    (tags "Through hole pin header THT 1x02 2.54mm single row")
    (path /60615807)
    (fp_text reference J4 (at 0 -2.33 90) (layer F.SilkS) hide
      (effects (font (size 1 1) (thickness 0.15)))
    )
    (fp_text value jmp (at 0 4.87 90) (layer F.Fab)
      (effects (font (size 1 1) (thickness 0.15)))
    )
    (fp_line (start -0.635 -1.27) (end 1.27 -1.27) (layer F.Fab) (width 0.1))
    (fp_line (start 1.27 -1.27) (end 1.27 3.81) (layer F.Fab) (width 0.1))
    (fp_line (start 1.27 3.81) (end -1.27 3.81) (layer F.Fab) (width 0.1))
    (fp_line (start -1.27 3.81) (end -1.27 -0.635) (layer F.Fab) (width 0.1))
    (fp_line (start -1.27 -0.635) (end -0.635 -1.27) (layer F.Fab) (width 0.1))
    (fp_line (start -1.33 3.87) (end 1.33 3.87) (layer F.SilkS) (width 0.12))
    (fp_line (start -1.33 1.27) (end -1.33 3.87) (layer F.SilkS) (width 0.12))
    (fp_line (start 1.33 1.27) (end 1.33 3.87) (layer F.SilkS) (width 0.12))
    (fp_line (start -1.33 1.27) (end 1.33 1.27) (layer F.SilkS) (width 0.12))
    (fp_line (start -1.33 0) (end -1.33 -1.33) (layer F.SilkS) (width 0.12))
    (fp_line (start -1.33 -1.33) (end 0 -1.33) (layer F.SilkS) (width 0.12))
    (fp_line (start -1.8 -1.8) (end -1.8 4.35) (layer F.CrtYd) (width 0.05))
    (fp_line (start -1.8 4.35) (end 1.8 4.35) (layer F.CrtYd) (width 0.05))
    (fp_line (start 1.8 4.35) (end 1.8 -1.8) (layer F.CrtYd) (width 0.05))
    (fp_line (start 1.8 -1.8) (end -1.8 -1.8) (layer F.CrtYd) (width 0.05))
    (fp_text user %R (at 0 1.27) (layer F.Fab)
      (effects (font (size 1 1) (thickness 0.15)))
    )
    (pad 1 thru_hole rect (at 0 0 90) (size 1.7 1.7) (drill 1) (layers *.Cu *.Mask)
      (net 18 "Net-(J3-Pad2)"))
    (pad 2 thru_hole oval (at 0 2.54 90) (size 1.7 1.7) (drill 1) (layers *.Cu *.Mask)
      (net 1 +5V))
    (model ${KISYS3DMOD}/Connector_PinHeader_2.54mm.3dshapes/PinHeader_1x02_P2.54mm_Vertical.wrl
      (at (xyz 0 0 0))
      (scale (xyz 1 1 1))
      (rotate (xyz 0 0 0))
    )
  )

  (module Connector_PinHeader_2.54mm:PinHeader_1x02_P2.54mm_Vertical (layer F.Cu) (tedit 59FED5CC) (tstamp 6065AC8B)
    (at 129.54 119.38 90)
    (descr "Through hole straight pin header, 1x02, 2.54mm pitch, single row")
    (tags "Through hole pin header THT 1x02 2.54mm single row")
    (path /606278AB)
    (fp_text reference J5 (at 0 -2.33 90) (layer F.SilkS) hide
      (effects (font (size 1 1) (thickness 0.15)))
    )
    (fp_text value jmp (at 0 4.87 90) (layer F.Fab)
      (effects (font (size 1 1) (thickness 0.15)))
    )
    (fp_line (start 1.8 -1.8) (end -1.8 -1.8) (layer F.CrtYd) (width 0.05))
    (fp_line (start 1.8 4.35) (end 1.8 -1.8) (layer F.CrtYd) (width 0.05))
    (fp_line (start -1.8 4.35) (end 1.8 4.35) (layer F.CrtYd) (width 0.05))
    (fp_line (start -1.8 -1.8) (end -1.8 4.35) (layer F.CrtYd) (width 0.05))
    (fp_line (start -1.33 -1.33) (end 0 -1.33) (layer F.SilkS) (width 0.12))
    (fp_line (start -1.33 0) (end -1.33 -1.33) (layer F.SilkS) (width 0.12))
    (fp_line (start -1.33 1.27) (end 1.33 1.27) (layer F.SilkS) (width 0.12))
    (fp_line (start 1.33 1.27) (end 1.33 3.87) (layer F.SilkS) (width 0.12))
    (fp_line (start -1.33 1.27) (end -1.33 3.87) (layer F.SilkS) (width 0.12))
    (fp_line (start -1.33 3.87) (end 1.33 3.87) (layer F.SilkS) (width 0.12))
    (fp_line (start -1.27 -0.635) (end -0.635 -1.27) (layer F.Fab) (width 0.1))
    (fp_line (start -1.27 3.81) (end -1.27 -0.635) (layer F.Fab) (width 0.1))
    (fp_line (start 1.27 3.81) (end -1.27 3.81) (layer F.Fab) (width 0.1))
    (fp_line (start 1.27 -1.27) (end 1.27 3.81) (layer F.Fab) (width 0.1))
    (fp_line (start -0.635 -1.27) (end 1.27 -1.27) (layer F.Fab) (width 0.1))
    (fp_text user %R (at 0 1.27) (layer F.Fab)
      (effects (font (size 1 1) (thickness 0.15)))
    )
    (pad 2 thru_hole oval (at 0 2.54 90) (size 1.7 1.7) (drill 1) (layers *.Cu *.Mask)
      (net 1 +5V))
    (pad 1 thru_hole rect (at 0 0 90) (size 1.7 1.7) (drill 1) (layers *.Cu *.Mask)
      (net 21 "Net-(J5-Pad1)"))
    (model ${KISYS3DMOD}/Connector_PinHeader_2.54mm.3dshapes/PinHeader_1x02_P2.54mm_Vertical.wrl
      (at (xyz 0 0 0))
      (scale (xyz 1 1 1))
      (rotate (xyz 0 0 0))
    )
  )

  (module Connector_PinHeader_2.54mm:PinHeader_1x08_P2.54mm_Vertical (layer F.Cu) (tedit 59FED5CC) (tstamp 6065A258)
    (at 120.65 87.63)
    (descr "Through hole straight pin header, 1x08, 2.54mm pitch, single row")
    (tags "Through hole pin header THT 1x08 2.54mm single row")
    (path /606016F8)
    (fp_text reference J6 (at 0 -2.33) (layer F.SilkS) hide
      (effects (font (size 1 1) (thickness 0.15)))
    )
    (fp_text value PD (at 0 20.11) (layer F.Fab)
      (effects (font (size 1 1) (thickness 0.15)))
    )
    (fp_line (start 1.8 -1.8) (end -1.8 -1.8) (layer F.CrtYd) (width 0.05))
    (fp_line (start 1.8 19.55) (end 1.8 -1.8) (layer F.CrtYd) (width 0.05))
    (fp_line (start -1.8 19.55) (end 1.8 19.55) (layer F.CrtYd) (width 0.05))
    (fp_line (start -1.8 -1.8) (end -1.8 19.55) (layer F.CrtYd) (width 0.05))
    (fp_line (start -1.33 -1.33) (end 0 -1.33) (layer F.SilkS) (width 0.12))
    (fp_line (start -1.33 0) (end -1.33 -1.33) (layer F.SilkS) (width 0.12))
    (fp_line (start -1.33 1.27) (end 1.33 1.27) (layer F.SilkS) (width 0.12))
    (fp_line (start 1.33 1.27) (end 1.33 19.11) (layer F.SilkS) (width 0.12))
    (fp_line (start -1.33 1.27) (end -1.33 19.11) (layer F.SilkS) (width 0.12))
    (fp_line (start -1.33 19.11) (end 1.33 19.11) (layer F.SilkS) (width 0.12))
    (fp_line (start -1.27 -0.635) (end -0.635 -1.27) (layer F.Fab) (width 0.1))
    (fp_line (start -1.27 19.05) (end -1.27 -0.635) (layer F.Fab) (width 0.1))
    (fp_line (start 1.27 19.05) (end -1.27 19.05) (layer F.Fab) (width 0.1))
